#
#"Frequency / GHz"	"S2,1 [Re]"	"S2,1 [Im]"
#-----------------------------------------
220.00000000000	-0.42187809944153	-0.86208617687225
220.11000061035	-0.52877056598663	-0.80156165361404
220.22000122070	-0.62719631195068	-0.72784602642059
220.33000183105	-0.71553319692612	-0.64208966493607
220.44000244141	-0.79230892658234	-0.54564350843430
220.55000305176	-0.85622650384903	-0.44003948569298
220.66000366211	-0.90618687868118	-0.32697042822838
220.77000427246	-0.94131046533585	-0.20826400816441
220.88000488281	-0.96095436811447	-0.085855931043625
220.99000549316	-0.96472775936127	0.038241676986217
221.10000610352	-0.95250111818314	0.16197101771832
221.21000671387	-0.92441368103027	0.28326553106308
221.32000732422	-0.88087403774261	0.40008339285851
221.42999267578	-0.82255750894547	0.51044535636902
221.53999328613	-0.75039684772491	0.61246973276138
221.64999389648	-0.66556894779205	0.70440745353699
221.75999450684	-0.56947499513626	0.78467464447021
221.86999511719	-0.46371915936470	0.85188299417496
221.97999572754	-0.35007777810097	0.90486633777618
222.08999633789	-0.23047035932541	0.94270282983780
222.19999694824	-0.10692413896322	0.96473270654678
222.30999755859	0.018463177606463	0.97057121992111
222.41999816895	0.14356109499931	0.96011507511139
222.52999877930	0.26624566316605	0.93354457616806
222.63999938965	0.38443726301193	0.89131885766983
222.75000000000	0.49613854289055	0.83416706323624
222.86000061035	0.59946888685226	0.76307326555252
222.97000122070	0.69269829988480	0.67925757169724
223.08000183105	0.77427512407303	0.58415222167969
223.19000244141	0.84285247325897	0.47937536239624
223.30000305176	0.89730906486511	0.36670088768005
223.41000366211	0.93676620721817	0.24802684783936
223.52000427246	0.96059978008270	0.12534207105637
223.63000488281	0.96844780445099	0.00069204869214445
223.74000549316	0.96021378040314	-0.12385514378548
223.85000610352	0.93606537580490	-0.24624264240265
223.96000671387	0.89642930030823	-0.36445772647858
224.07000732422	0.84198170900345	-0.47656312584877
224.17999267578	0.77363604307175	-0.58072692155838
224.28999328613	0.69252663850784	-0.67525029182434
224.39999389648	0.59999054670334	-0.75859272480011
224.50999450684	0.49754610657692	-0.82939463853836
224.61999511719	0.38686758279800	-0.88649886846542
224.72999572754	0.26976308226585	-0.92896622419357
224.83999633789	0.14814421534538	-0.95609116554260
224.94999694824	0.023996755480766	-0.96741282939911
225.05999755859	-0.10064573585987	-0.96272277832031
225.16999816895	-0.22373779118061	-0.94206953048706
225.27999877930	-0.34325051307678	-0.90575975179672
225.38999938965	-0.45720326900482	-0.85435599088669
225.50000000000	-0.56369799375534	-0.78866881132126
225.61000061035	-0.66094839572906	-0.70974761247635
225.72000122070	-0.74730980396271	-0.61886590719223
225.83000183105	-0.82130903005600	-0.51750290393829
225.94000244141	-0.88167029619217	-0.40732121467590
226.05000305176	-0.92733818292618	-0.29014196991920
226.16000366211	-0.95749926567078	-0.16791468858719
226.27000427246	-0.97159790992737	-0.042686704546213
226.38000488281	-0.96934950351715	0.083432935178280
226.49000549316	-0.95074754953384	0.20830783247948
226.60000610352	-0.91606664657593	0.32981199026108
226.71000671387	-0.86586046218872	0.44586911797523
226.82000732422	-0.80095350742340	0.55448824167252
226.92999267578	-0.72242915630341	0.65380007028580
227.03999328613	-0.63160973787308	0.74209272861481
227.14999389648	-0.53003615140915	0.81784212589264
227.25999450684	-0.41943871974945	0.87974035739899
227.36999511719	-0.30170655250549	0.92671972513199
227.47999572754	-0.17885477840900	0.95797240734100
227.58999633789	-0.052987881004810	0.97296458482742
227.69999694824	0.073740698397160	0.97144585847855
227.80999755859	0.19916357100010	0.95345294475555
227.91999816895	0.32114100456238	0.91930758953094
228.02999877930	0.43759718537331	0.86960965394974
228.13999938965	0.54655700922012	0.80522543191910
228.25000000000	0.64617973566055	0.72727030515671
228.36000061035	0.73479050397873	0.63708764314651
228.47000122070	0.81090706586838	0.53622424602509
228.58000183105	0.87326461076736	0.42640241980553
228.69000244141	0.92083483934402	0.30948927998543
228.80000305176	0.95284134149551	0.18746387958527
228.91000366211	0.96877044439316	0.062385864555836
229.02000427246	0.96837902069092	-0.063643537461758
229.13000488281	0.95169460773468	-0.18851184844971
229.24000549316	0.91901487112045	-0.31013166904449
229.35000610352	0.87090045213699	-0.42647391557693
229.46000671387	0.80816560983658	-0.53560000658035
229.57000732422	0.73186355829239	-0.63569211959839
229.67999267578	0.64326918125153	-0.72508245706558
229.78999328613	0.54385977983475	-0.80227875709534
229.89999389648	0.43528950214386	-0.86598855257034
230.00999450684	0.31936594843864	-0.91513937711716
230.11999511719	0.19801914691925	-0.94889652729034
230.22999572754	0.073272556066513	-0.96667718887329
230.33999633789	-0.052787628024817	-0.96816098690033
230.44999694824	-0.17804880440235	-0.95329630374908
230.55999755859	-0.30040347576141	-0.92230314016342
230.66999816895	-0.41778466105461	-0.87567120790482
230.77999877930	-0.52820068597794	-0.81415408849716
230.88999938965	-0.62976729869843	-0.73875892162323
231.00000000000	-0.72074145078659	-0.65073192119598
231.11000061035	-0.79955273866653	-0.55153882503510
231.22000122070	-0.86482924222946	-0.44284275174141
231.33000183105	-0.91542476415634	-0.32647675275803
231.44000244141	-0.95043951272964	-0.20441372692585
231.55000305176	-0.96923917531967	-0.078733555972576
231.66000366211	-0.97146618366241	0.048412784934044
231.77000427246	-0.95705008506775	0.17484110593796
231.88000488281	-0.92620879411697	0.29837161302567
231.99000549316	-0.87944781780243	0.41686794161797
232.10000610352	-0.81755197048187	0.52827626466751
232.21000671387	-0.74157309532166	0.63066184520721
232.32000732422	-0.65281105041504	0.72224432229996
232.42999267578	-0.55279237031937	0.80142980813980
232.53999328613	-0.44324201345444	0.86684054136276
232.64999389648	-0.32605320215225	0.91733914613724
232.75999450684	-0.20325322449207	0.95204919576645
232.86999511719	-0.076967068016529	0.97037088871002
232.97999572754	0.050620961934328	0.97199124097824
233.08999633789	0.17730504274368	0.95688879489899
233.19999694824	0.30089932680130	0.92533326148987
233.30999755859	0.41927444934845	0.87787955999374
233.41999816895	0.53039395809174	0.81535762548447
233.52999877930	0.63235312700272	0.73885494470596
233.63999938965	0.72340708971024	0.64969885349274
233.75000000000	0.80200260877609	0.54943072795868
233.86000061035	0.86680322885513	0.43977922201157
233.97000122070	0.91671073436737	0.32262960076332
234.08000183105	0.95088273286819	0.19999137520790
234.19000244141	0.96874588727951	0.073963716626167
234.30000305176	0.97000432014465	-0.053300015628338
234.41000366211	0.95464348793030	-0.17962834239006
234.52000427246	0.92292958498001	-0.30286774039268
234.63000488281	0.87540459632874	-0.42091834545135
234.74000549316	0.81287670135498	-0.53176832199097
234.85000610352	0.73640680313110	-0.63352704048157
234.96000671387	0.64729148149490	-0.72445607185364
235.07000732422	0.54704111814499	-0.80299806594849
235.17999267578	0.43735611438751	-0.86780244112015
235.28999328613	0.32009822130203	-0.91774821281433
235.39999389648	0.19726148247719	-0.95196366310120
235.50999450684	0.070939376950264	-0.96984064579010
235.61999511719	-0.056710544973612	-0.97104752063751
235.72999572754	-0.18350076675415	-0.95553469657898
235.83999633789	-0.30725246667862	-0.92353779077530
235.94999694824	-0.42583036422729	-0.87557542324066
236.05999755859	-0.53718078136444	-0.81244176626205
236.16999816895	-0.63936686515808	-0.73519498109818
236.27999877930	-0.73060220479965	-0.64514154195786
236.38999938965	-0.80928343534470	-0.54381388425827
236.50000000000	-0.87401962280273	-0.43294647336006
236.61000061035	-0.92365711927414	-0.31444606184959
236.72000122070	-0.95730233192444	-0.19035993516445
236.83000183105	-0.97433829307556	-0.062839508056641
236.94000244141	-0.97443789243698	0.065895371139050
237.05000305176	-0.95757073163986	0.19359859824181
237.16000366211	-0.92400527000427	0.31803473830223
237.27000427246	-0.87430530786514	0.43702146410942
237.38000488281	-0.80932146310806	0.54846686124802
237.49000549316	-0.73017472028732	0.65041005611420
237.60000610352	-0.63823956251144	0.74105441570282
237.71000671387	-0.53511834144592	0.81880068778992
237.82000732422	-0.42261207103729	0.88227730989456
237.92999267578	-0.30268976092339	0.93036347627640
238.03999328613	-0.17745098471642	0.96221065521240
238.14999389648	-0.049090269953012	0.97725677490234
238.25999450684	0.080143891274929	0.97523647546768
238.36999511719	0.20798777043819	0.95618462562561
238.47999572754	0.33220440149307	0.92043614387512
238.58999633789	0.45062151551247	0.86861884593964
238.69999694824	0.56117069721222	0.80164140462875
238.80999755859	0.66192317008972	0.72067719697952
238.91999816895	0.75112295150757	0.62714242935181
239.02999877930	0.82721728086472	0.52267134189606
239.13999938965	0.88888299465179	0.40908670425415
239.25000000000	0.93504887819290	0.28836813569069
239.36000061035	0.96491295099258	0.16261741518974
239.47000122070	0.97795641422272	0.034022200852633
239.58000183105	0.97395133972168	-0.095181629061699
239.69000244141	0.95296478271484	-0.22274819016457
239.80000305176	0.91535681486130	-0.34645983576775
239.91000366211	0.86177444458008	-0.46416506171227
240.02000427246	0.79314059019089	-0.57381480932236
240.13000488281	0.71063846349716	-0.67349749803543
240.24000549316	0.61569243669510	-0.76147156953812
240.35000610352	0.50994288921356	-0.83619540929794
240.46000671387	0.39521971344948	-0.89635413885117
240.57000732422	0.27351197600365	-0.94088244438171
240.67999267578	0.14693343639374	-0.96898370981216
240.78999328613	0.017686856910586	-0.98014467954636
240.89999389648	-0.11197308450937	-0.97414547204971
241.00999450684	-0.23977769911289	-0.95106434822083
241.11999511719	-0.36348569393158	-0.91127830743790
241.22999572754	-0.48092004656792	-0.85545772314072
241.33999633789	-0.59000813961029	-0.78455567359924
241.44999694824	-0.68881714344025	-0.69979357719421
241.55999755859	-0.77559000253677	-0.60264033079147
241.66999816895	-0.84877741336823	-0.49478816986084
241.77999877930	-0.90706455707550	-0.37812316417694
241.88999938965	-0.94939863681793	-0.25469297170639
242.00000000000	-0.97500610351562	-0.12667086720467
242.11000061035	-0.98340952396393	0.0036828152369708
242.22000122070	-0.97443699836731	0.13406093418598
242.33000183105	-0.94822585582733	0.26215064525604
242.44000244141	-0.90522158145905	0.38567605614662
242.55000305176	-0.84617072343826	0.50243800878525
242.66000366211	-0.77210789918900	0.61035555601120
242.77000427246	-0.68433773517609	0.70750355720520
242.88000488281	-0.58441138267517	0.79214698076248
242.99000549316	-0.47409856319427	0.86277365684509
243.10000610352	-0.35535731911659	0.91812098026276
243.21000671387	-0.23029588162899	0.95719939470291
243.32000732422	-0.10113606601954	0.97930979728699
243.42999267578	0.029826791957021	0.98405635356903
243.53999328613	0.16026498377323	0.97135299444199
243.64999389648	0.28786167502403	0.94142514467239
243.75999450684	0.41035076975822	0.89480429887772
243.86999511719	0.52555853128433	0.83231931924820
243.97999572754	0.63144159317017	0.75508010387421
244.08999633789	0.72612273693085	0.66445791721344
244.19999694824	0.80792462825775	0.56206059455872
244.30999755859	0.87539869546890	0.44970327615738
244.41999816895	0.92735034227371	0.32937672734261
244.52999877930	0.96285957098007	0.20321170985699
244.63999938965	0.98129683732986	0.073441363871098
244.75000000000	0.98233354091644	-0.057637754827738
244.86000061035	0.96594792604446	-0.18770599365234
244.97000122070	0.93242490291595	-0.31446096301079
245.08000183105	0.88235145807266	-0.43565794825554
245.19000244141	0.81660634279251	-0.54914849996567
245.30000305176	0.73634475469589	-0.65291869640350
245.41000366211	0.64297938346863	-0.74512338638306
245.52000427246	0.53815466165543	-0.82411956787109
245.63000488281	0.42372038960457	-0.88849490880966
245.74000549316	0.30169841647148	-0.93709295988083
245.85000610352	0.17424796521664	-0.96903449296951
245.96000671387	0.043629053980112	-0.98373323678970
246.07000732422	-0.087837822735310	-0.98090749979019
246.17999267578	-0.21781235933304	-0.96058636903763
246.28999328613	-0.34397488832474	-0.92310982942581
246.39999389648	-0.46406918764114	-0.86912465095520
246.50999450684	-0.57594108581543	-0.79957360029221
246.61999511719	-0.67757946252823	-0.71567982435226
246.72999572754	-0.76714986562729	-0.61892694234848
246.83999633789	-0.84303152561188	-0.51103246212006
246.94999694824	-0.90384560823441	-0.39391776919365
247.05999755859	-0.94848114252090	-0.26967549324036
247.16999816895	-0.97611671686172	-0.14053067564964
247.27999877930	-0.98623615503311	-0.0088017340749502
247.38999938965	-0.97863912582397	0.12314207106829
247.50000000000	-0.95344543457031	0.25292336940765
247.61000061035	-0.91109412908554	0.37819939851761
247.72000122070	-0.85233551263809	0.49670693278313
247.83000183105	-0.77821940183640	0.60630196332932
247.94000244141	-0.69007486104965	0.70500034093857
248.05000305176	-0.58948737382889	0.79101347923279
248.16000366211	-0.47826862335205	0.86278301477432
248.27000427246	-0.35842505097389	0.91900748014450
248.38000488281	-0.23212003707886	0.95866781473160
248.49000549316	-0.10163509845734	0.98104482889175
248.60000610352	0.030673203989863	0.98573350906372
248.71000671387	0.16241492331028	0.97264903783798
248.82000732422	0.29121139645576	0.94202905893326
248.92999267578	0.41473773121834	0.89442801475525
249.03999328613	0.53076553344727	0.83070760965347
249.14999389648	0.63720279932022	0.75202000141144
249.25999450684	0.73213177919388	0.65978717803955
249.36999511719	0.81384325027466	0.55567449331284
249.47999572754	0.88086706399918	0.44156032800674
249.58999633789	0.93199801445007	0.31950220465660
249.69999694824	0.96631729602814	0.19169951975346
249.80999755859	0.98320806026459	0.060454048216343
249.91999816895	0.98236709833145	-0.071871258318424
250.02999877930	0.96380889415741	-0.20289446413517
250.13999938965	0.92786574363708	-0.33025708794594
250.25000000000	0.87518155574799	-0.45166602730751
250.36000061035	0.80670052766800	-0.56493431329727
250.47000122070	0.72365051507950	-0.66801989078522
250.58000183105	0.62752068042755	-0.75906205177307
250.69000244141	0.52003586292267	-0.83641463518143
250.80000305176	0.40312689542770	-0.89867550134659
250.91000366211	0.27889481186867	-0.94471180438995
251.02000427246	0.14957529306412	-0.97368067502975
251.13000488281	0.017498066648841	-0.98504483699799
251.24000549316	-0.11495275050402	-0.97858291864395
251.35000610352	-0.24538394808769	-0.95439451932907
251.46000671387	-0.37143373489380	-0.91289865970612
251.57000732422	-0.49081474542618	-0.85482805967331
251.67999267578	-0.60135644674301	-0.78121644258499
251.78999328613	-0.70104342699051	-0.69338136911392
251.89999389648	-0.78805339336395	-0.59290015697479
252.00999450684	-0.86079013347626	-0.48158434033394
252.11999511719	-0.91791456937790	-0.36144483089447
252.22999572754	-0.95836836099625	-0.23465840518475
252.33999633789	-0.98139536380768	-0.10352683067322
252.44999694824	-0.98655629158020	0.029563549906015
252.55999755859	-0.97373753786087	0.16218742728233
252.66999816895	-0.94315451383591	0.29192200303078
252.77999877930	-0.89534848928452	0.41639456152916
252.88999938965	-0.83117711544037	0.53332471847534
253.00000000000	-0.75179958343506	0.64056742191315
253.11000061035	-0.65865713357925	0.73615193367004
253.22000122070	-0.55344372987747	0.81832009553909
253.33000183105	-0.43807819485664	0.88555806875229
253.44000244141	-0.31466820836067	0.93662530183792
253.55000305176	-0.18546986579895	0.97057765722275
253.66000366211	-0.052848156541586	0.98678487539291
253.77000427246	0.080768495798111	0.98494285345078
253.88000488281	0.21293134987354	0.96507894992828
253.99000549316	0.34121832251549	0.92755204439163
254.10000610352	0.46327796578407	0.87304526567459
254.21000671387	0.57687211036682	0.80255407094955
254.32000732422	0.67991906404495	0.71736687421799
254.42999267578	0.77052909135818	0.61904203891754
254.53999328613	0.84704208374023	0.50937867164612
254.64999389648	0.90805470943451	0.39038339257240
254.75999450684	0.95244890451431	0.26423379778862
254.86999511719	0.97941017150879	0.13323810696602
254.97999572754	0.98844289779663	-0.00020680403395090
255.08999633789	0.97937935590744	-0.13365934789181
255.19999694824	0.95238214731216	-0.26467764377594
255.30999755859	0.90794205665588	-0.39086395502090
255.41999816895	0.84686809778214	-0.50990849733353
255.52999877930	0.77027320861816	-0.61963111162186
255.63999938965	0.67955398559570	-0.71802127361298
255.75000000000	0.57636588811874	-0.80327391624451
255.86000061035	0.46259197592735	-0.87382358312607
255.97000122070	0.34031060338020	-0.92837160825729
256.07998657227	0.21175709366798	-0.96591079235077
256.19000244141	0.079283259809017	-0.98574393987656
256.29998779297	-0.054685637354851	-0.98749709129333
256.41000366211	-0.18769465386868	-0.97112631797791
256.51998901367	-0.31730318069458	-0.93691933155060
256.63000488281	-0.44112962484360	-0.88549101352692
256.73999023438	-0.55689638853073	-0.81777262687683
256.85000610352	-0.66246944665909	-0.73499602079391
256.95999145508	-0.75589990615845	-0.63867086172104
257.07000732422	-0.83545923233032	-0.53055804967880
257.17999267578	-0.89967191219330	-0.41263794898987
257.29000854492	-0.94734251499176	-0.28707402944565
257.39999389648	-0.97757905721664	-0.15617457032204
257.51000976562	-0.98980981111526	-0.022348744794726
257.61999511719	-0.98379516601562	0.11193603277206
257.73001098633	-0.95963227748871	0.24420116841793
257.83999633789	-0.91775381565094	0.37200275063515
257.95001220703	-0.85892188549042	0.49297478795052
258.05999755859	-0.78421252965927	0.60487687587738
258.17001342773	-0.69499802589417	0.70563322305679
258.27999877930	-0.59292078018188	0.79337286949158
258.39001464844	-0.47986301779747	0.86646479368210
258.50000000000	-0.35791367292404	0.92354816198349
258.60998535156	-0.22932685911655	0.96355879306793
258.72000122070	-0.096482105553150	0.98574858903885
258.82998657227	0.038160555064678	0.98969995975494
258.94000244141	0.17210629582405	0.97533386945724
259.04998779297	0.30287215113640	0.94291144609451
259.16000366211	0.42803376913071	0.89302921295166
259.26998901367	0.54526966810226	0.82660806179047
259.38000488281	0.65240448713303	0.74487626552582
259.48999023438	0.74745064973831	0.64934653043747
259.60000610352	0.82864427566528	0.54178774356842
259.70999145508	0.89447754621506	0.42419224977493
259.82000732422	0.94372802972794	0.29873865842819
259.92999267578	0.97547984123230	0.16775269806385
260.04000854492	0.98914158344269	0.033662095665932
260.14999389648	0.98445695638657	-0.10104749351740
260.26000976562	0.96150976419449	-0.23387773334980
260.36999511719	0.92072147130966	-0.36236456036568
260.48001098633	0.86284476518631	-0.48412346839905
260.58999633789	0.78894895315170	-0.59689354896545
260.70001220703	0.70040071010590	-0.69857949018478
260.80999755859	0.59883892536163	-0.78728985786438
260.92001342773	0.48614445328712	-0.86137282848358
261.02999877930	0.36440661549568	-0.91944622993469
261.14001464844	0.23588298261166	-0.96042388677597
261.25000000000	0.10295987129211	-0.98353564739227
261.35998535156	-0.031892430037260	-0.98834270238876
261.47000122070	-0.16616581380367	-0.97474539279938
261.57998657227	-0.29736000299454	-0.94298613071442
261.69000244141	-0.42302870750427	-0.89364582300186
261.79998779297	-0.54082578420639	-0.82763314247131
261.91000366211	-0.64854925870895	-0.74616831541061
262.01998901367	-0.74418115615845	-0.65076225996017
262.13000488281	-0.82592779397964	-0.54318720102310
262.23999023438	-0.89225202798843	-0.42544531822205
262.35000610352	-0.94190293550491	-0.29973262548447
262.45999145508	-0.97394061088562	-0.16839623451233
262.57000732422	-0.98775362968445	-0.033891834318638
262.67999267578	-0.98307216167450	0.10126168280840
262.79000854492	-0.95997285842896	0.23453098535538
262.89999389648	-0.91887867450714	0.36341455578804
263.01000976562	-0.86055195331573	0.48549053072929
263.11999511719	-0.78607928752899	0.59846341609955
263.23001098633	-0.69685298204422	0.70020622014999
263.33999633789	-0.59454470872879	0.78880190849304
263.45001220703	-0.48107397556305	0.86257970333099
263.55999755859	-0.35857194662094	0.92014753818512
263.67001342773	-0.22934162616730	0.96041804552078
263.77999877930	-0.095814250409603	0.98262989521027
263.89001464844	0.039497353136539	0.98636233806610
264.00000000000	0.17404589056969	0.97154325246811
264.10998535156	0.30529651045799	0.93845087289810
264.22000122070	0.43077850341797	0.88770794868469
264.32998657227	0.54812812805176	0.82027095556259
264.44000244141	0.65513616800308	0.73741054534912
264.54998779297	0.74978834390640	0.64068889617920
264.66000366211	0.83030360937119	0.53192889690399
264.76998901367	0.89516770839691	0.41318002343178
264.88000488281	0.94316154718399	0.28667962551117
264.98999023438	0.97338414192200	0.15481023490429
265.10000610352	0.98526906967163	0.020055012777448
265.20999145508	0.97859513759613	-0.11504922062159
265.32000732422	0.95349007844925	-0.24795967340469
265.42999267578	0.91042828559875	-0.37617540359497
265.54000854492	0.85022127628326	-0.49728387594223
265.64999389648	0.77400290966034	-0.60900640487671
265.76000976562	0.68320691585541	-0.70924091339111
265.86999511719	0.57954138517380	-0.79610055685043
265.98001098633	0.46495601534843	-0.86794948577881
266.08999633789	0.34160566329956	-0.92343324422836
266.20001220703	0.21181070804596	-0.96150439977646
266.30999755859	0.078012906014919	-0.98144167661667
266.42001342773	-0.057269431650639	-0.98286372423172
266.52999877930	-0.19148862361908	-0.96573728322983
266.64001464844	-0.32211500406265	-0.93037682771683
266.75000000000	-0.44668456912041	-0.87744021415710
266.85998535156	-0.56284552812576	-0.80791604518890
266.97000122070	-0.66840046644211	-0.72310656309128
267.07998657227	-0.76135110855103	-0.62460261583328
267.19000244141	-0.83993321657181	-0.51425474882126
267.29998779297	-0.90265196561813	-0.39413964748383
267.41000366211	-0.94830882549286	-0.26652130484581
267.51998901367	-0.97602730989456	-0.13380773365498
267.63000488281	-0.98526817560196	0.0014931512996554
267.73999023438	-0.97584128379822	0.13682124018669
267.85000610352	-0.94790971279144	0.26961070299149
267.95999145508	-0.90198761224747	0.39734220504761
268.07000732422	-0.83893144130707	0.51758754253387
268.17999267578	-0.75992476940155	0.62805718183517
268.29000854492	-0.66645514965057	0.72664511203766
268.39999389648	-0.56028819084167	0.81146734952927
268.51000976562	-0.44343292713165	0.88090139627457
268.61999511719	-0.31810590624809	0.93361389636993
268.73001098633	-0.18668690323830	0.96859043836594
268.83999633789	-0.051674474030733	0.98515337705612
268.95001220703	0.084361426532269	0.98297607898712
269.05999755859	0.21882842481136	0.96208959817886
269.17001342773	0.34916266798973	0.92288261651993
269.27999877930	0.47287634015083	0.86609464883804
269.39001464844	0.58760720491409	0.79280155897141
269.50000000000	0.69116371870041	0.70439589023590
269.60998535156	0.78156685829163	0.60255962610245
269.72000122070	0.85708814859390	0.48923271894455
269.82998657227	0.91628336906433	0.36657518148422
269.94000244141	0.95802056789398	0.23692622780800
270.04998779297	0.98150122165680	0.10275898873806
270.16000366211	0.98627579212189	-0.033366724848747
270.26998901367	0.97225248813629	-0.16885365545750
270.38000488281	0.93969857692719	-0.30111682415009
270.48999023438	0.88923549652100	-0.42763304710388
270.60000610352	0.82182651758194	-0.54598921537399
270.70999145508	0.73875796794891	-0.65392839908600
270.82000732422	0.64161533117294	-0.74939262866974
270.92999267578	0.53225195407867	-0.83056247234344
271.04000854492	0.41275390982628	-0.89589124917984
271.14999389648	0.28540021181107	-0.94413453340530
271.26000976562	0.15261934697628	-0.97437375783920
271.36999511719	0.016942773014307	-0.98603326082230
271.48001098633	-0.11904311180115	-0.97889161109924
271.58999633789	-0.25274604558945	-0.95308518409729
271.70001220703	-0.38161715865135	-0.90910595655441
271.80999755859	-0.50319981575012	-0.84779185056686
271.92001342773	-0.61517560482025	-0.77031087875366
272.02999877930	-0.71540850400925	-0.67813909053802
272.14001464844	-0.80198574066162	-0.57303261756897
272.25000000000	-0.87325423955917	-0.45699453353882
272.35998535156	-0.92785179615021	-0.33223664760590
272.47000122070	-0.96473336219788	-0.20113776624203
272.57998657227	-0.98319107294083	-0.066199123859406
272.69000244141	-0.98286789655685	0.070003986358643
272.79998779297	-0.96376484632492	0.20487122237682
272.91000366211	-0.92624175548553	0.33582454919815
273.01998901367	-0.87100958824158	0.46036055684090
273.13000488281	-0.79911857843399	0.57609629631042
273.23999023438	-0.71193838119507	0.68081444501877
273.35000610352	-0.61113154888153	0.77250802516937
273.45999145508	-0.49862298369408	0.84941685199738
273.57000732422	-0.37656223773956	0.91006314754486
273.67999267578	-0.24728485941887	0.95327877998352
273.79000854492	-0.11326541006565	0.97822934389114
273.89999389648	0.022928060963750	0.98442977666855
274.01000976562	0.15868455171585	0.97175461053848
274.11999511719	0.29139840602875	0.94044029712677
274.23001098633	0.41852161288261	0.89108204841614
274.33999633789	0.53761130571365	0.82462149858475
274.45001220703	0.64637786149979	0.74233013391495
274.55999755859	0.74272805452347	0.64578437805176
274.67001342773	0.82480663061142	0.53683602809906
274.77999877930	0.89103204011917	0.41757637262344
274.89001464844	0.94012677669525	0.29029655456543
275.00000000000	0.97114235162735	0.15744294226170
275.10998535156	0.98347842693329	0.021570729091763
275.22000122070	0.97689366340637	-0.11470581591129
275.32998657227	0.95151156187057	-0.24876344203949
275.44000244141	0.90781742334366	-0.37802070379257
275.54998779297	0.84664964675903	-0.49998757243156
275.66000366211	0.76918393373489	-0.61231362819672
275.76998901367	0.67690992355347	-0.71283352375031
275.88000488281	0.57160389423370	-0.79960858821869
275.98999023438	0.45529305934906	-0.87096464633942
276.10000610352	0.33021828532219	-0.92552387714386
276.20999145508	0.19878970086575	-0.96223187446594
276.32000732422	0.063540540635586	-0.98037838935852
276.42999267578	-0.072921074926853	-0.97961050271988
276.54000854492	-0.20796267688274	-0.95994007587433
276.64999389648	-0.33897861838341	-0.92174327373505
276.76000976562	-0.46343895792961	-0.86575436592102
276.86999511719	-0.57894027233124	-0.79305046796799
276.98001098633	-0.68324977159500	-0.70503258705139
277.08999633789	-0.77435111999512	-0.60339754819870
277.20001220703	-0.85048109292984	-0.49010559916496
277.30999755859	-0.91016459465027	-0.36734399199486
277.42001342773	-0.95224410295486	-0.23748345673084
277.52999877930	-0.97590142488480	-0.10303361713886
277.64001464844	-0.98067432641983	0.033405948430300
277.75000000000	-0.96646547317505	0.16919620335102
277.85998535156	-0.93354487419128	0.30170756578445
277.97000122070	-0.88254439830780	0.42837417125702
278.07998657227	-0.81444716453552	0.54674088954926
278.19000244141	-0.73056799173355	0.65451174974442
278.29998779297	-0.63252818584442	0.74959534406662
278.41000366211	-0.52222436666489	0.83014470338821
278.51998901367	-0.40179288387299	0.89459413290024
278.63000488281	-0.27356731891632	0.94168877601624
278.73999023438	-0.14003348350525	0.97051090002060
278.85000610352	-0.0037822464946657	0.98049652576447
278.95999145508	0.13254164159298	0.97144752740860
279.07000732422	0.26629132032394	0.94353550672531
279.17999267578	0.39486813545227	0.89729881286621
279.29000854492	0.51577347517014	0.83363234996796
279.39999389648	0.62665677070618	0.75376981496811
279.51000976562	0.72536170482635	0.65926057100296
279.61999511719	0.80996781587601	0.55193924903870
279.73001098633	0.87882870435715	0.43389013409615
279.83999633789	0.93060368299484	0.30740654468536
279.95001220703	0.96428406238556	0.17494636774063
280.05999755859	0.97921276092529	0.039084199815989
280.17001342773	0.97509723901749	-0.097538791596889
280.27999877930	0.95201551914215	-0.23226624727249
280.39001464844	0.91041386127472	-0.36247819662094
280.50000000000	0.85109901428223	-0.48564216494560
280.60998535156	0.77522188425064	-0.59936213493347
280.72000122070	0.68425536155701	-0.70142555236816
280.82998657227	0.57996630668640	-0.78984558582306
280.94000244141	0.46437975764275	-0.86290031671524
281.04998779297	0.33974194526672	-0.91916567087173
281.16000366211	0.20847421884537	-0.95754384994507
281.26998901367	0.073128402233124	-0.97728335857391
281.38000488281	-0.063663952052593	-0.97799497842789
281.48999023438	-0.19924257695675	-0.95965880155563
281.60000610352	-0.33096858859062	-0.92262470722198
281.70999145508	-0.45627748966217	-0.86760580539703
281.82000732422	-0.57272779941559	-0.79566520452499
281.92999267578	-0.67804819345474	-0.70819556713104
282.04000854492	-0.77018195390701	-0.60689175128937
282.14999389648	-0.84732758998871	-0.49371987581253
282.26000976562	-0.90797305107117	-0.37087747454643
282.36999511719	-0.95092636346817	-0.24075229465961
282.48001098633	-0.97533828020096	-0.10587706416845
282.58999633789	-0.98071998357773	0.031121287494898
282.70001220703	-0.96695244312286	0.16757120192051
282.80999755859	-0.93429040908813	0.30080887675285
282.92001342773	-0.88335698843002	0.42822980880737
283.02999877930	-0.81513273715973	0.54734057188034
283.14001464844	-0.73093718290329	0.65580564737320
283.25000000000	-0.63240420818329	0.75149571895599
283.35998535156	-0.52144914865494	0.83252793550491
283.47000122070	-0.40023419260979	0.89730429649353
283.57998657227	-0.27112427353859	0.94454288482666
283.69000244141	-0.13664273917675	0.97330403327942
283.79998779297	0.00057880231179297	0.98300933837891
283.91000366211	0.13785132765770	0.97345364093781
284.01998901367	0.27248239517212	0.94480961561203
284.13000488281	0.40182745456696	0.89762574434280
284.23999023438	0.52334332466125	0.83281528949738
284.35000610352	0.63463830947876	0.75163936614990
284.45999145508	0.73351943492889	0.65568244457245
284.57000732422	0.81803596019745	0.54682171344757
284.67999267578	0.88651907444000	0.42718955874443
284.79000854492	0.93761384487152	0.29913273453712
284.89999389648	0.97030746936798	0.16516554355621
285.01000976562	0.98394894599915	0.027920192107558
285.11999511719	0.97826278209686	-0.10990498214960
285.23001098633	0.95335429906845	-0.24559898674488
285.33999633789	0.90970754623413	-0.37649184465408
285.45001220703	0.84817612171173	-0.50000721216202
285.55999755859	0.76996648311615	-0.61371350288391
285.67001342773	0.67661374807358	-0.71537214517593
285.77999877930	0.56995159387589	-0.80298137664795
285.89001464844	0.45207604765892	-0.87481558322906
286.00000000000	0.32530319690704	-0.92946040630341
286.10998535156	0.19212612509727	-0.96583867073059
286.22000122070	0.055161911994219	-0.98323363065720
286.32998657227	-0.082896500825882	-0.98130100965500
286.44000244141	-0.21933500468731	-0.96007710695267
286.54998779297	-0.35147258639336	-0.91997665166855
286.66000366211	-0.47671067714691	-0.86178565025330
286.76998901367	-0.59258693456650	-0.78664529323578
286.88000488281	-0.69682288169861	-0.69602978229523
286.98999023438	-0.78736764192581	-0.59171694517136
287.10000610352	-0.86243939399719	-0.47575408220291
287.20999145508	-0.92055898904800	-0.35041695833206
287.32000732422	-0.96057945489883	-0.21816648542881
287.42999267578	-0.98170840740204	-0.081599935889244
287.54000854492	-0.98352402448654	0.056599315255880
287.64999389648	-0.96598315238953	0.19371539354324
287.76000976562	-0.92942208051682	0.32705065608025
287.86999511719	-0.87455123662949	0.45398145914078
287.98001098633	-0.80244070291519	0.57200646400452
288.08999633789	-0.71450024843216	0.67879807949066
288.20001220703	-0.61245203018188	0.77224719524384
288.30999755859	-0.49829700589180	0.85050487518311
288.42001342773	-0.37427723407745	0.91201925277710
288.52999877930	-0.24282956123352	0.95556640625000
288.64001464844	-0.10654207319021	0.98027491569519
288.75000000000	0.031899731606245	0.98564356565475
288.85998535156	0.16976562142372	0.97155207395554
288.97000122070	0.30433115363121	0.93826431035995
289.07998657227	0.43293523788452	0.88642346858978
289.19000244141	0.55303120613098	0.81704044342041
289.29998779297	0.66223675012589	0.73147463798523
289.41000366211	0.75838315486908	0.63140743970871
289.51998901367	0.83955723047256	0.51880937814713
289.63000488281	0.90414071083069	0.39590224623680
289.73999023438	0.95084232091904	0.26511457562447
289.85000610352	0.97872501611710	0.12903408706188
289.95999145508	0.98722386360168	-0.0096436282619834
290.07000732422	0.97615933418274	-0.14816856384277
290.17999267578	0.94574010372162	-0.28379204869270
290.29000854492	0.89656054973602	-0.41381984949112
290.39999389648	0.82958877086639	-0.53566706180573
290.51000976562	0.74614721536636	-0.64691078662872
290.61999511719	0.64788752794266	-0.74533706903458
290.73001098633	0.53675687313080	-0.82898610830307
290.83999633789	0.41495999693871	-0.89619135856628
290.95001220703	0.28491425514221	-0.94561350345612
291.05999755859	0.14920258522034	-0.97626644372940
291.17001342773	0.010521041229367	-0.98753780126572
291.27999877930	-0.12837472558022	-0.97920083999634
291.39001464844	-0.26472485065460	-0.95141899585724
291.50000000000	-0.39581891894341	-0.90474265813828
291.60998535156	-0.51905250549316	-0.84009808301926
291.72000122070	-0.63197594881058	-0.75876855850220
291.82998657227	-0.73234534263611	-0.66236966848373
291.94000244141	-0.81816667318344	-0.55281573534012
292.04998779297	-0.88773459196091	-0.43228238821030
292.16000366211	-0.93966650962830	-0.30316376686096
292.26998901367	-0.97293066978455	-0.16802357137203
292.38000488281	-0.98686498403549	-0.029545955359936
292.48999023438	-0.98119169473648	0.10951968282461
292.60000610352	-0.95602142810822	0.24641157686710
292.70999145508	-0.91185194253922	0.37841027975082
292.82000732422	-0.84955793619156	0.50289398431778
292.92999267578	-0.77037322521210	0.61738878488541
293.04000854492	-0.67586773633957	0.71961861848831
293.14999389648	-0.56791496276855	0.80754929780960
293.26000976562	-0.44865682721138	0.87943005561829
293.36999511719	-0.32045951485634	0.93382745981216
293.48001098633	-0.18586903810501	0.96965426206589
293.58999633789	-0.047558043152094	0.98619168996811
293.70001220703	0.091722965240479	0.98310291767120
293.80999755859	0.22920371592045	0.96044117212296
293.92001342773	0.36214718222618	0.91864871978760
294.02999877930	0.48790445923805	0.85854882001877
294.14001464844	0.60396784543991	0.78132909536362
294.25000000000	0.70801895856857	0.68852025270462
294.35998535156	0.79797828197479	0.58196371793747
294.47000122070	0.87204468250275	0.46377757191658
294.57998657227	0.92873227596283	0.33631339669228
294.69000244141	0.96690082550049	0.20211042463779
294.79998779297	0.98577904701233	0.063844658434391
294.91000366211	0.98498040437698	-0.075724236667156
295.01998901367	0.96451175212860	-0.21380817890167
295.13000488281	0.92477339506149	-0.34764650464058
295.23999023438	0.86655175685883	-0.47456136345863
295.35000610352	0.79100418090820	-0.59201169013977
295.45999145508	0.69963592290878	-0.69764441251755
295.57000732422	0.59427028894424	-0.78934180736542
295.67999267578	0.47701227664948	-0.86526483297348
295.79000854492	0.35020619630814	-0.92388939857483
295.89999389648	0.21638920903206	-0.96403849124908
296.01000976562	0.078239776194096	-0.98490518331528
296.11999511719	-0.061476353555918	-0.98606908321381
296.23001098633	-0.19996133446693	-0.96750515699387
296.33999633789	-0.33444166183472	-0.92958444356918
296.45001220703	-0.46222466230392	-0.87306594848633
296.55999755859	-0.58075100183487	-0.79908180236816
296.67001342773	-0.68764865398407	-0.70911419391632
296.77999877930	-0.78077846765518	-0.60496497154236
296.89001464844	-0.85827654600143	-0.48872098326683
297.00000000000	-0.91859388351440	-0.36270946264267
297.10998535156	-0.96052551269531	-0.22945353388786
297.22000122070	-0.98323440551758	-0.091620296239853
297.32998657227	-0.98626857995987	0.048031989485025
297.44000244141	-0.96956968307495	0.18671000003815
297.54998779297	-0.93347364664078	0.32164046168327
297.66000366211	-0.87870377302170	0.45012521743774
297.76998901367	-0.80635631084442	0.56959551572800
297.88000488281	-0.71787881851196	0.67766308784485
297.98999023438	-0.61503982543945	0.77216762304306
298.10000610352	-0.49989512562752	0.85121941566467
298.20999145508	-0.37474593520164	0.91323697566986
298.32000732422	-0.24209326505661	0.95697873830795
298.42999267578	-0.10458835959435	0.98156732320786
298.54000854492	0.035020157694817	0.98650753498077
298.64999389648	0.17394053936005	0.97169601917267
298.76000976562	0.30939349532127	0.93742358684540
298.86999511719	0.43866765499115	0.88436985015869
298.98001098633	0.55917340517044	0.81359004974365
299.08999633789	0.66849458217621	0.72649419307709
299.20001220703	0.76443684101105	0.62481981515884
299.30999755859	0.84507179260254	0.51059722900391
299.42001342773	0.90877556800842	0.38611000776291
299.52999877930	0.95426225662231	0.25384929776192
299.64001464844	0.98060977458954	0.11646444350481
299.75000000000	0.98727911710739	-0.023289689794183
299.85998535156	0.97412568330765	-0.16260793805122
299.97000122070	0.94140338897705	-0.29869103431702
300.07998657227	0.88975965976715	-0.42880207300186
300.19000244141	0.82022339105606	-0.55032140016556
300.29998779297	0.73418492078781	-0.66080015897751
300.41000366211	0.63336849212646	-0.75800973176956
300.51998901367	0.51979774236679	-0.83998703956604
300.63000488281	0.39575538039207	-0.90507501363754
300.73999023438	0.26373749971390	-0.95195657014847
300.85000610352	0.12640289962292	-0.97968137264252
300.95999145508	-0.013481604866683	-0.98768627643585
301.07000732422	-0.15309512615204	-0.97580611705780
301.17999267578	-0.28962197899818	-0.94427818059921
301.29000854492	-0.42030835151672	-0.89373707771301
301.39999389648	-0.54251778125763	-0.82520264387131
301.51000976562	-0.65378576517105	-0.74005818367004
301.61999511719	-0.75186932086945	-0.64002323150635
301.73001098633	-0.83479225635529	-0.52711826562881
301.83999633789	-0.90088582038879	-0.40362307429314
301.95001220703	-0.94882214069366	-0.27203094959259
302.05999755859	-0.97764104604721	-0.13499701023102
302.17001342773	-0.98676872253418	0.0047145774587989
302.27999877930	-0.97602939605713	0.14428804814816
302.39001464844	-0.94564795494080	0.28091201186180
302.50000000000	-0.89624518156052	0.41183698177338
302.60998535156	-0.82882463932037	0.53442990779877
302.72000122070	-0.74475163221359	0.64622867107391
302.82998657227	-0.64572554826736	0.74498915672302
302.94000244141	-0.53374379873276	0.82873207330704
303.04998779297	-0.41106447577477	0.89578080177307
303.16000366211	-0.28015652298927	0.94479531049728
303.26998901367	-0.14365345239639	0.97479832172394
303.38000488281	-0.0042988103814423	0.98519432544708
303.48999023438	0.13510809838772	0.97578072547913
303.60000610352	0.27176895737648	0.94675201177597
303.70999145508	0.40294063091278	0.89869523048401
303.82000732422	0.52599120140076	0.83257788419724
303.92999267578	0.63845181465149	0.74972891807556
304.04000854492	0.73806536197662	0.65181195735931
304.14999389648	0.82283133268356	0.54079198837280
304.26000976562	0.89104664325714	0.41889682412148
304.36999511719	0.94133853912354	0.28857257962227
304.48001098633	0.97269266843796	0.15243521332741
304.58999633789	0.98447322845459	0.013218617066741
304.70001220703	0.97643673419952	-0.12627971172333
304.80999755859	0.94873690605164	-0.26325449347496
304.92001342773	0.90192186832428	-0.39494851231575
305.02999877930	0.83692485094070	-0.51870816946030
305.14001464844	0.75504559278488	-0.63203668594360
305.25000000000	0.65792459249496	-0.73264408111572
305.35998535156	0.54751157760620	-0.81849455833435
305.47000122070	0.42602691054344	-0.88784748315811
305.57998657227	0.29591649770737	-0.93929290771484
305.69000244141	0.15980403125286	-0.97178143262863
305.79998779297	0.020437110215425	-0.98464590311050
305.91000366211	-0.11936717480421	-0.97761565446854
306.01998901367	-0.25678053498268	-0.95082300901413
306.13000488281	-0.38901984691620	-0.90480154752731
306.23999023438	-0.51340490579605	-0.84047544002533
306.35000610352	-0.62741202116013	-0.75914168357849
306.45999145508	-0.72872769832611	-0.66244399547577
306.57000732422	-0.81529527902603	-0.55233931541443
306.67999267578	-0.88535672426224	-0.43105870485306
306.79000854492	-0.93748939037323	-0.30106097459793
306.89999389648	-0.97063565254211	-0.16498349606991
307.01000976562	-0.98412466049194	-0.025586543604732
307.11999511719	-0.97768539190292	0.11430083215237
307.23001098633	-0.95145285129547	0.25184127688408
307.33999633789	-0.90596443414688	0.38424661755562
307.45001220703	-0.84214955568314	0.50883311033249
307.55999755859	-0.76130914688110	0.62307894229889
307.67001342773	-0.66508924961090	0.72467350959778
307.77999877930	-0.55544745922089	0.81156527996063
307.89001464844	-0.43461048603058	0.88200289011002
308.00000000000	-0.30503097176552	0.93457013368607
308.10998535156	-0.16933575272560	0.96821421384811
308.22000122070	-0.030272463336587	0.98226612806320
308.32998657227	0.10934591293335	0.97645395994186
308.44000244141	0.24669823050499	0.95090687274933
308.54998779297	0.37901219725609	0.90615218877792
308.66000366211	0.50361990928650	0.84310364723206
308.76998901367	0.61801081895828	0.76304274797440
308.88000488281	0.71988224983215	0.66759186983109
308.98999023438	0.80718481540680	0.55868166685104
309.10000610352	0.87816369533539	0.43851196765900
309.20999145508	0.93139195442200	0.30950757861137
309.32000732422	0.96579986810684	0.17426972091198
309.42999267578	0.98069536685944	0.035524126142263
309.54000854492	0.97577798366547	-0.10393314063549
309.64999389648	0.95114475488663	-0.24129138886929
309.76000976562	0.90728789567947	-0.37378114461899
309.86999511719	0.84508615732193	-0.49872916936874
309.98001098633	0.76578706502914	-0.61361199617386
310.08999633789	0.67098277807236	-0.71610623598099
310.20001220703	0.56257873773575	-0.80413508415222
310.30999755859	0.44275647401810	-0.87591081857681
310.42001342773	0.31393072009087	-0.92997032403946
310.52999877930	0.17870052158833	-0.96520614624023
310.64001464844	0.039799362421036	-0.98088926076889
310.75000000000	-0.099961340427399	-0.97668480873108
310.85998535156	-0.23774743080139	-0.95266014337540
310.97000122070	-0.37076032161713	-0.90928477048874
311.07998657227	-0.49629250168800	-0.84742259979248
311.19000244141	-0.61178493499756	-0.76831430196762
311.29998779297	-0.71487742662430	-0.67355543375015
311.41000366211	-0.80345970392227	-0.56506252288818
311.51998901367	-0.87571382522583	-0.44503673911095
311.63000488281	-0.93015372753143	-0.31591862440109
311.73999023438	-0.96565580368042	-0.18033812940121
311.85000610352	-0.98148375749588	-0.041061758995056
311.95999145508	-0.97730439901352	0.099064975976944
312.07000732422	-0.95319545269012	0.23717625439167
312.17999267578	-0.90964466333389	0.37044557929039
312.29000854492	-0.84754031896591	0.49614447355270
312.39999389648	-0.76815342903137	0.61169904470444
312.51000976562	-0.67311072349548	0.71474385261536
312.61999511719	-0.56436145305634	0.80317175388336
312.73001098633	-0.44413706660271	0.87517684698105
312.83999633789	-0.31490442156792	0.92929244041443
312.95001220703	-0.17931313812733	0.96442115306854
313.05999755859	-0.040141664445400	0.97985744476318
313.17001342773	0.099760569632053	0.97530108690262
313.27999877930	0.23753358423710	0.95086300373077
313.39001464844	0.37036454677582	0.90706181526184
313.50000000000	0.49554744362831	0.84481203556061
313.60998535156	0.61053657531738	0.76540416479111
313.72000122070	0.71299970149994	0.67047703266144
313.82998657227	0.80086463689804	0.56198275089264
313.94000244141	0.87236082553864	0.44214630126953
314.04998779297	0.92605435848236	0.31341859698296
314.16000366211	0.96087545156479	0.17842638492584
314.26998901367	0.97613948583603	0.039918262511492
314.38000488281	0.97155898809433	-0.099291272461414
314.48999023438	0.94724833965302	-0.23637866973877
314.60000610352	0.90372020006180	-0.36856800317764
314.70999145508	0.84187382459641	-0.49318659305573
314.82000732422	0.76297658681870	-0.60771781206131
314.92999267578	0.66863745450974	-0.70985114574432
315.04000854492	0.56077396869659	-0.79752790927887
315.14999389648	0.44157496094704	-0.86898136138916
315.26000976562	0.31345501542091	-0.92277193069458
315.36999511719	0.17900823056698	-0.95781528949738
315.48001098633	0.040954440832138	-0.97340393066406
315.58999633789	-0.097911484539509	-0.96922117471695
315.70001220703	-0.23477825522423	-0.94534820318222
315.80999755859	-0.36687290668488	-0.90226227045059
315.92001342773	-0.49151486158371	-0.84082883596420
316.02999877930	-0.60617220401764	-0.76228392124176
316.14001464844	-0.70850986242294	-0.66821169853210
316.25000000000	-0.79643958806992	-0.56051242351532
316.35998535156	-0.86816090345383	-0.44136610627174
316.47000122070	-0.92219936847687	-0.31318953633308
316.57998657227	-0.95743727684021	-0.17858739197254
316.69000244141	-0.97313833236694	-0.040301006287336
316.79998779297	-0.96896386146545	0.098848342895508
316.91000366211	-0.94498085975647	0.23601461946964
317.01998901367	-0.90166306495667	0.36838817596436
317.13000488281	-0.83988213539124	0.49325171113014
317.23999023438	-0.76089167594910	0.60803765058517
317.35000610352	-0.66630160808563	0.71038216352463
317.45999145508	-0.55804729461670	0.79817450046539
317.57000732422	-0.43834838271141	0.86960262060165
317.67999267578	-0.30966380238533	0.92319107055664
317.79000854492	-0.17464192211628	0.95783263444901
317.89999389648	-0.036062560975552	0.97281283140182
318.01000976562	0.10321891307831	0.96782499551773
318.11999511719	0.24033290147781	0.94297677278519
318.23001098633	0.37245535850525	0.89878839254379
318.33999633789	0.49686801433563	0.83618110418320
318.45001220703	0.61101484298706	0.75645732879639
318.55999755859	0.71255618333817	0.66127300262451
318.67001342773	0.79941630363464	0.55260163545609
318.77999877930	0.86982762813568	0.43269217014313
318.89001464844	0.92236572504044	0.30402129888535
319.00000000000	0.95597797632217	0.16924045979977
319.10998535156	0.97000390291214	0.031120289117098
319.22000122070	0.96418744325638	-0.10750748217106
319.32998657227	0.93867969512939	-0.24380874633789
319.44000244141	0.89403378963470	-0.37500536441803
319.54998779297	0.83119183778763	-0.49843198060989
319.66000366211	0.75146305561066	-0.61158877611160
319.76998901367	0.65649521350861	-0.71219235658646
319.88000488281	0.54823940992355	-0.79822069406509
319.98999023438	0.42890992760658	-0.86795079708099
320.10000610352	0.30093687772751	-0.91999346017838
320.20999145508	0.16691900789738	-0.95331728458405
320.32000732422	0.029569601640105	-0.96726930141449
320.42999267578	-0.10833751410246	-0.96158492565155
320.54000854492	-0.24402071535587	-0.93639189004898
320.64999389648	-0.37474751472473	-0.89220672845840
320.76000976562	-0.49788597226143	-0.82992398738861
320.86999511719	-0.61095744371414	-0.75079685449600
320.98001098633	-0.71168279647827	-0.65641403198242
321.08999633789	-0.79802793264389	-0.54866772890091
321.20001220703	-0.86824297904968	-0.42971736192703
321.30999755859	-0.92089647054672	-0.30194768309593
321.42001342773	-0.95490479469299	-0.16792349517345
321.52999877930	-0.96955305337906	-0.030339783057570
321.64001464844	-0.96451163291931	0.10803110152483
321.75000000000	-0.93984389305115	0.24439178407192
321.85998535156	-0.89600676298141	0.37597647309303
321.97000122070	-0.83384466171265	0.50010526180267
322.07998657227	-0.75457453727722	0.61423784494400
322.19000244141	-0.65976542234421	0.71602517366409
322.29998779297	-0.55130767822266	0.80335879325867
322.41000366211	-0.43137833476067	0.87441474199295
322.51998901367	-0.30239954590797	0.92769253253937
322.63000488281	-0.16698990762234	0.96204972267151
322.73999023438	-0.027912223711610	0.97672712802887
322.85000610352	0.11198130995035	0.97136843204498
322.95999145508	0.24980986118317	0.94602996110916
323.07000732422	0.38272163271904	0.90118336677551
323.17999267578	0.50795727968216	0.83770787715912
323.29000854492	0.62290441989899	0.75687575340271
323.39999389648	0.72515892982483	0.66032570600510
323.51000976562	0.81257295608521	0.55003309249878
323.61999511719	0.88330650329590	0.42826452851295
323.73001098633	0.93586355447769	0.29753676056862
323.83999633789	0.96912914514542	0.16055816411972
323.95001220703	0.98239272832870	0.020173717290163
324.05999755859	0.97536438703537	-0.12069661170244
324.17001342773	0.94818180799484	-0.25912076234818
324.27999877930	0.90140765905380	-0.39221766591072
324.39001464844	0.83601701259613	-0.51721918582916
324.50000000000	0.75337594747543	-0.63152968883514
324.60998535156	0.65521138906479	-0.73278099298477
324.72000122070	0.54357331991196	-0.81888288259506
324.82998657227	0.42078968882561	-0.88806623220444
324.94000244141	0.28941637277603	-0.93891972303391
325.04998779297	0.15218126773834	-0.97041767835617
325.16000366211	0.011925965547562	-0.98193979263306
325.26998901367	-0.12845396995544	-0.97328174114227
325.38000488281	-0.26606994867325	-0.94465690851212
325.48999023438	-0.39810049533844	-0.89668947458267
325.60000610352	-0.52184802293777	-0.83039838075638
325.70999145508	-0.63479530811310	-0.74717432260513
325.82000732422	-0.73465305566788	-0.64874845743179
325.92999267578	-0.81940680742264	-0.53715509176254
326.04000854492	-0.88735425472260	-0.41468966007233
326.14999389648	-0.93713837862015	-0.28386017680168
326.26000976562	-0.96777254343033	-0.14733615517616
326.36999511719	-0.97865754365921	-0.0078957444056869
326.48001098633	-0.96959197521210	0.13163010776043
326.58999633789	-0.94077509641647	0.26841372251511
326.70001220703	-0.89280116558075	0.39968580007553
326.80999755859	-0.82664757966995	0.52278947830200
326.92001342773	-0.74365454912186	0.63523197174072
327.02999877930	-0.64550036191940	0.73473328351974
327.14001464844	-0.53416645526886	0.81927078962326
327.25000000000	-0.41190207004547	0.88711923360825
327.35998535156	-0.28117880225182	0.93688535690308
327.47000122070	-0.14464309811592	0.96753633022308
327.57998657227	-0.0050651850178838	0.97842198610306
327.69000244141	0.13471426069736	0.96928876638412
327.79998779297	0.27184173464775	0.94028830528259
327.91000366211	0.40350770950317	0.89197605848312
328.01998901367	0.52700304985046	0.82530325651169
328.13000488281	0.63977456092834	0.74160063266754
328.23999023438	0.73947876691818	0.64255410432816
328.35000610352	0.82403165102005	0.53017270565033
328.45999145508	0.89165353775024	0.40674999356270
328.57000732422	0.94090896844864	0.27481815218925
328.67999267578	0.97073900699615	0.13709697127342
328.79000854492	0.98048651218414	-0.0035621554125100
328.89999389648	0.96991312503815	-0.14423571527004
329.01000976562	0.93920695781708	-0.28198999166489
329.11999511719	0.88898092508316	-0.41394367814064
329.23001098633	0.82026243209839	-0.53733038902283
329.33999633789	0.73447263240814	-0.64955878257751
329.45001220703	0.63339716196060	-0.74826949834824
329.55999755859	0.51914912462234	-0.83138662576675
329.67001342773	0.39412355422974	-0.89716434478760
329.77999877930	0.26094487309456	-0.94422459602356
329.89001464844	0.12241126596928	-0.97158765792847
330.00000000000	-0.018566969782114	-0.97869336605072